292.000000 0.089027978 0.017980220 0.107003272 0.071228668 -0.291558444 -0.004544339 0.953886569
293.000000 0.079341531 0.014610963 0.156091064 0.085762560 -0.350184441 -0.004680411 0.932734549
294.000000 0.062916599 0.010174766 0.203220963 0.100529507 -0.406905711 -0.006644239 0.907897234
295.000000 0.037808783 0.004190434 0.231709391 0.113069065 -0.453335911 -0.007983855 0.884103060
296.000000 0.018734477 -0.001270423 0.232595429 0.122038245 -0.491120517 -0.008557376 0.862458229
297.000000 0.010894418 -0.002665062 0.238486901 0.095499590 -0.527811050 0.046777252 0.842678666
298.000000 -0.006108701 -0.007610265 0.239526242 0.082089379 -0.540480137 0.069808088 0.834427655
299.000000 -0.018004395 -0.013048735 0.240156472 0.073940232 -0.546653867 0.079827666 0.830259025
300.000000 -0.038525268 -0.017888581 0.248681545 0.070844375 -0.549065948 0.085615791 0.828358352
301.000000 -0.051704459 -0.022244919 0.250741303 0.068353400 -0.549990892 0.087541550 0.827752650
302.000000 -0.066973120 -0.025054507 0.259590745 0.068429947 -0.551024973 0.089049317 0.826897264
303.000000 -0.082140699 -0.029078793 0.265423685 0.067968413 -0.550587118 0.089540981 0.827173889
304.000000 -0.096601255 -0.031453811 0.268284619 0.068637840 -0.549560547 0.091165096 0.827623785
305.000000 -0.109298475 -0.034075215 0.275620580 0.068439312 -0.550643981 0.091704682 0.826860070
306.000000 -0.122663364 -0.037102595 0.283052921 0.051821545 -0.548127234 0.118296064 0.826363802
307.000000 -0.134856850 -0.037949063 0.290456414 0.038911201 -0.537134051 0.143073648 0.830363154
308.000000 -0.142244548 -0.043079659 0.305733234 0.019076737 -0.518100023 0.171891376 0.837652564
309.000000 -0.150281534 -0.045096062 0.316831142 0.011285854 -0.488381177 0.190187007 0.851578176
310.000000 -0.159282327 -0.047559358 0.317838311 -0.006619080 -0.443789035 0.229578689 0.866199315
311.000000 -0.160712242 -0.047693789 0.319241226 -0.011687244 -0.386723369 0.254818022 0.886214554
312.000000 -0.162215576 -0.048019234 0.323645234 -0.010925792 -0.320581526 0.272006333 0.907260001
313.000000 -0.168418959 -0.050114363 0.330764115 -0.008233319 -0.249723881 0.281595588 0.926430881
314.000000 -0.168181732 -0.050022531 0.330520570 -0.004202603 -0.177775294 0.288825601 0.940722167
315.000000 -0.170956150 -0.051210262 0.345588088 0.000004126 -0.105376035 0.292067707 0.950574756
316.000000 -0.188258365 -0.055828400 0.382469982 0.005622550 -0.023939485 0.295345396 0.955074072
317.000000 -0.175809667 -0.052591335 0.384670913 0.003968753 0.022846602 0.200775146 0.979362905
318.000000 -0.160619393 -0.048797868 0.386358976 0.002846670 0.043860883 0.150973946 0.987560153
319.000000 -0.171263292 -0.055113550 0.412850887 -0.004829330 0.059706550 0.135542408 0.988959074
320.000000 -0.181545094 -0.061145153 0.449347824 -0.005324871 0.072422199 0.154236630 0.985361755
321.000000 -0.180326074 -0.058862939 0.473525584 -0.003768655 0.092133440 0.168849275 0.981319070
322.000000 -0.178180262 -0.059017230 0.479085594 -0.004990356 0.114693388 0.175427705 0.977775872
323.000000 -0.173147693 -0.056655724 0.485440671 -0.008935086 0.130497932 0.150844142 0.979865611
324.000000 -0.167765766 -0.057232946 0.483530045 -0.013313591 0.137937769 0.132757694 0.981413007
325.000000 -0.161243528 -0.053982131 0.484555542 -0.014051491 0.139742926 0.125439256 0.982109725
326.000000 -0.158622518 -0.053029295 0.491711617 -0.013874617 0.142391622 0.123094320 0.982028544
327.000000 -0.153022379 -0.052181713 0.499079555 -0.015004546 0.140986368 0.120064564 0.982589543
328.000000 -0.149827912 -0.051928274 0.505096257 -0.015427029 0.142963946 0.119131021 0.982410908
329.000000 -0.145141065 -0.050828159 0.512888968 -0.015376261 0.141566411 0.118161812 0.982731044
330.000000 -0.139407203 -0.050051160 0.522102773 -0.015625257 0.141198054 0.118457854 0.982744515
331.000000 -0.135180771 -0.049208157 0.523864567 -0.015381655 0.141503334 0.118831463 0.982659340
332.000000 -0.132040441 -0.049057335 0.527314126 -0.016659230 0.142180413 0.118185513 0.982618630
333.000000 -0.128597945 -0.047466174 0.530316353 -0.015307137 0.141025513 0.118230656 0.982801676
334.000000 -0.123855278 -0.046645697 0.536216736 -0.016285248 0.141008437 0.116727836 0.982968032
335.000000 -0.121072263 -0.046017461 0.541309536 -0.016700681 0.141275957 0.116718441 0.982923687
336.000000 -0.117181666 -0.044504829 0.546213984 -0.015477593 0.141588971 0.117398895 0.982817650
337.000000 -0.112444602 -0.044089664 0.552125096 -0.016593257 0.141090035 0.116044402 0.983032048
338.000000 -0.106017895 -0.042633954 0.558558941 -0.015960317 0.141625017 0.116291583 0.982936382
339.000000 -0.100454763 -0.040807538 0.564587295 -0.015409938 0.139987409 0.116264790 0.983182907
340.000000 -0.094259918 -0.039496943 0.570026517 -0.015708448 0.139273271 0.113575555 0.983593881
341.000000 -0.088573478 -0.038798586 0.573056221 -0.016157888 0.138245016 0.115058310 0.983559251
342.000000 -0.080663785 -0.037139088 0.577952564 -0.016737252 0.136423647 0.114357151 0.983885646
343.000000 -0.072429091 -0.035303004 0.583774924 -0.016152682 0.134557962 0.114455372 0.984140873
344.000000 -0.063181639 -0.033316977 0.590514123 -0.016556676 0.133530751 0.112133645 0.984541297
345.000000 -0.053703234 -0.031749815 0.597022295 -0.016365979 0.130693704 0.113953382 0.984716177
346.000000 -0.041189067 -0.029102698 0.605864942 -0.016375946 0.125823677 0.112810113 0.985481679
347.000000 -0.035067394 -0.027165584 0.614157081 -0.016017830 0.127459928 0.112901561 0.985266805
348.000000 -0.023568422 -0.024834119 0.622521937 -0.015990667 0.124507904 0.111325689 0.985823870
349.000000 -0.014053245 -0.023549790 0.630974174 -0.016220190 0.124159560 0.112986639 0.985675037
350.000000 -0.000150338 -0.020862769 0.641551256 -0.016215015 0.121373281 0.113375589 0.985977471
351.000000 0.002112392 -0.019142989 0.663043678 -0.017014019 0.124843501 0.110298000 0.985879838
352.000000 0.001088739 -0.021011770 0.668918669 -0.016229110 0.126199737 0.113121301 0.985400379
353.000000 0.006406740 -0.020114053 0.675897598 -0.015960166 0.127410278 0.113587871 0.985195339
354.000000 0.011251174 -0.019030839 0.680918396 -0.015950413 0.127019063 0.113158643 0.985295296
355.000000 0.016688712 -0.017937319 0.687639594 -0.015880231 0.127901301 0.113750041 0.985114217
356.000000 0.023046704 -0.016992552 0.693387270 -0.015636669 0.125976279 0.113502018 0.985394776
357.000000 0.032034867 -0.015208021 0.701794088 -0.015494019 0.122973748 0.114343137 0.985678971
358.000000 0.039890353 -0.013583755 0.710204899 -0.015785599 0.121078737 0.113258176 0.986034214
359.000000 0.047983110 -0.012410140 0.718614995 -0.015826494 0.119329534 0.113810942 0.986183107
360.000000 0.056286048 -0.011067031 0.727957845 -0.015294418 0.120658353 0.114235714 0.985980690
361.000000 0.063689940 -0.009788187 0.735899031 -0.015121715 0.120698102 0.116125815 0.985757709
362.000000 0.072881721 -0.008102344 0.745804071 -0.016606612 0.119156338 0.111583158 0.986445785
363.000000 0.080150172 -0.005309837 0.761858821 -0.014299365 0.119723938 0.114386596 0.986092031
364.000000 0.089208573 -0.003751734 0.771669030 -0.014976284 0.118454196 0.112759702 0.986422658
365.000000 0.097712837 -0.001490818 0.776816607 -0.013250565 0.115570411 0.114924476 0.986539543
366.000000 0.101829223 -0.001736566 0.776124060 -0.014639606 0.114388429 0.114330001 0.986726761
367.000000 0.104795322 -0.001782922 0.778760374 -0.014767292 0.113422126 0.114548959 0.986810982
368.000000 0.103845164 -0.001451300 0.779498100 -0.015377968 0.114579633 0.112903491 0.986857593
369.000000 0.106332138 -0.000127278 0.781407356 -0.014004071 0.113984481 0.113863185 0.986836672
370.000000 0.107637554 0.000170719 0.782881021 -0.014268297 0.113711737 0.113571920 0.986897945
371.000000 0.107398264 -0.000186389 0.783124566 -0.014487258 0.114072248 0.113667361 0.986842155
372.000000 0.108362958 0.000185864 0.787138522 -0.014217895 0.115442917 0.113825001 0.986668468
373.000000 0.108382627 0.000141334 0.787450254 -0.014621798 0.115536436 0.113085635 0.986736655
374.000000 0.108481549 0.000023356 0.791534781 -0.014359259 0.116474949 0.114386424 0.986480236
375.000000 0.110017605 0.000172934 0.796639562 -0.015803671 0.116391584 0.103493840 0.987670124
376.000000 0.110092506 0.000242742 0.798005641 -0.018445039 0.109642699 0.077501908 0.990773320
377.000000 0.109899178 0.000155477 0.797516882 -0.018293889 0.097930349 0.064519577 0.992931128
378.000000 0.108988181 0.000151575 0.799580336 -0.016592305 0.082098715 0.048713133 0.995294690
379.000000 0.108650513 0.000111950 0.799258888 -0.014254455 0.057355281 0.019764585 0.998056412
380.000000 0.108904950 0.000243814 0.799085617 -0.007904275 0.023939237 0.006028279 0.999664009
381.000000 0.109423019 0.000261888 0.797360778 -0.000039069 -0.013759996 -0.002267982 0.999902785
382.000000 0.110777438 0.000566677 0.795043886 0.008650410 -0.053334363 -0.007409118 0.998511791
383.000000 0.112370864 0.001049004 0.793293834 0.018593073 -0.095417120 -0.007672708 0.995234132
384.000000 0.111974619 0.000818968 0.793198228 0.028200470 -0.135680154 -0.007983835 0.990319133
385.000000 0.111787871 0.000834231 0.794242740 0.038383655 -0.177097842 -0.009057042 0.983402789
386.000000 0.111494929 0.000754121 0.795063913 0.047921788 -0.217183352 -0.008720465 0.974914849
387.000000 0.110771291 0.000467374 0.796927929 0.057449456 -0.258748591 -0.008015432 0.964201450
388.000000 0.108754657 -0.000017241 0.798706353 0.065642729 -0.296019554 -0.005567239 0.952907383
389.000000 0.107658133 -0.000178060 0.800545692 0.077082723 -0.335750908 -0.007723666 0.938759804
390.000000 0.105219573 -0.000932243 0.804162920 0.086904436 -0.381215960 -0.010723933 0.920329869
391.000000 0.103934556 -0.001174629 0.805623472 0.096452020 -0.420896351 -0.006641712 0.901941895
392.000000 0.097986490 -0.002622582 0.814267218 0.107738122 -0.462198853 -0.009407570 0.880156994
393.000000 0.091480434 -0.004863672 0.824868023 0.118146151 -0.502374172 -0.008206402 0.856501281
394.000000 0.088596314 -0.005429633 0.830681920 0.126678333 -0.544432819 -0.006895250 0.829154968
395.000000 0.084692180 -0.003691576 0.830688834 0.101622760 -0.576326787 0.040979922 0.809840083
396.000000 0.075883746 -0.006201237 0.838574231 0.087520301 -0.594385564 0.064287379 0.796814382
397.000000 0.065663934 -0.007170469 0.839690328 0.080984250 -0.598646998 0.076900505 0.793189645
398.000000 0.064252794 -0.009446688 0.842643738 0.075149521 -0.606196165 0.083603270 0.787330449
399.000000 0.057200849 -0.011667885 0.843944252 0.072094880 -0.606594324 0.086769946 0.786966801
400.000000 0.051408112 -0.014442608 0.848349929 0.069880016 -0.610044301 0.087571554 0.784406841
401.000000 0.056715190 -0.011618502 0.841145694 0.063903801 -0.608979583 0.095877156 0.784772396
402.000000 0.052188873 -0.013255801 0.841360688 0.046524405 -0.603932500 0.118168004 0.786852837
403.000000 0.046283543 -0.015193909 0.840249956 0.021653470 -0.588242769 0.151929736 0.793989360
404.000000 0.033108711 -0.018636931 0.854501009 0.010136142 -0.570877612 0.172189847 0.802712083
405.000000 0.027965844 -0.021727782 0.855205536 0.000325689 -0.536751091 0.185244903 0.823154032
406.000000 0.024815977 -0.023438439 0.855175734 -0.004329294 -0.500443876 0.193603918 0.843833387
407.000000 0.021083266 -0.023208719 0.859954774 -0.003476657 -0.466569066 0.200525641 0.861446857
408.000000 0.019771099 -0.022841860 0.863857269 -0.001899520 -0.434182614 0.205247387 0.877129078
409.000000 0.015838295 -0.024455111 0.865728140 -0.003859100 -0.390691936 0.211201042 0.895957053
410.000000 0.014067277 -0.024236936 0.868860543 -0.003734502 -0.353008896 0.218731597 0.909685314
411.000000 0.010043874 -0.025249280 0.873767018 -0.002572834 -0.311908841 0.221626297 0.923898280
412.000000 0.007219732 -0.026859127 0.879282355 -0.003526008 -0.271471858 0.221992090 0.936488211
413.000000 0.005570740 -0.026411768 0.884808004 -0.001884345 -0.232440859 0.227408826 0.945649445
414.000000 0.002761248 -0.027371034 0.892023504 -0.002332462 -0.190945342 0.229925215 0.954289734
415.000000 0.000346780 -0.028444299 0.899373949 -0.001660420 -0.146829277 0.230947062 0.961822152
416.000000 -0.000552345 -0.029777309 0.906787574 -0.003664256 -0.103518575 0.230089873 0.967641056
417.000000 -0.001406179 -0.028901450 0.915398002 -0.000990501 -0.061701696 0.232376039 0.970666409
418.000000 -0.001096748 -0.029796649 0.921696901 -0.002336063 -0.018082239 0.233107165 0.972280204
419.000000 -0.000967375 -0.029267527 0.929257870 -0.001470002 0.022090426 0.233556956 0.972091079
420.000000 -0.000538996 -0.028940864 0.941344023 0.000624109 0.058101285 0.235131726 0.970225215
421.000000 0.000317262 -0.029243439 0.942896068 -0.000845418 0.097413540 0.232897833 0.967609763
422.000000 0.000948653 -0.030081827 0.945859730 -0.003926724 0.131857961 0.216598839 0.967307150
423.000000 -0.000109669 -0.030412566 0.951271653 -0.013352209 0.160971537 0.173374400 0.971520126
424.000000 0.002056051 -0.029672563 0.956849456 -0.018757675 0.174394786 0.142074540 0.974191666
425.000000 0.002857737 -0.029558931 0.957413018 -0.022113960 0.180467293 0.128296256 0.974927008
426.000000 0.002921622 -0.029365197 0.956811428 -0.023028446 0.184372425 0.122610323 0.974906802
427.000000 0.004117487 -0.028817996 0.959041893 -0.023506530 0.186556667 0.118128158 0.975033224
428.000000 0.005809605 -0.028112501 0.960627079 -0.023793245 0.187330887 0.116736613 0.975045443
429.000000 0.006554024 -0.027778704 0.961181462 -0.024172710 0.187256142 0.115293168 0.975222230
430.000000 0.006819902 -0.027595446 0.962072849 -0.024239618 0.188006431 0.114899822 0.975122631
431.000000 0.008443866 -0.027256723 0.964740992 -0.024179034 0.188244328 0.114194565 0.975161076
432.000000 0.009655494 -0.027277406 0.968702137 -0.024401333 0.188971892 0.113517001 0.975093901
433.000000 0.009538231 -0.026923262 0.968577743 -0.023593146 0.190288693 0.114950873 0.974689662
434.000000 0.010807557 -0.026695713 0.968741715 -0.024711100 0.188725278 0.112827525 0.975213885
435.000000 0.011948578 -0.026211970 0.970758021 -0.023526136 0.188400105 0.114256851 0.975139618
436.000000 0.012690309 -0.026050545 0.971693933 -0.023958039 0.188718125 0.114199780 0.975074351
437.000000 0.013553960 -0.025978316 0.973010063 -0.024674596 0.188320965 0.112917110 0.975282609
438.000000 0.014201444 -0.025841132 0.974335551 -0.024571227 0.188543037 0.113065951 0.975225091
439.000000 0.015851608 -0.025417548 0.977221489 -0.024207849 0.188465416 0.112940498 0.975263715
440.000000 0.016615983 -0.025204655 0.978691101 -0.018583601 0.193660915 0.140133783 0.970830917
441.000000 0.017402256 -0.025050119 0.978976786 -0.016072720 0.203865409 0.155084968 0.966503620
442.000000 0.019808915 -0.024376191 0.981169343 -0.014835993 0.215649337 0.162635729 0.962717474
443.000000 0.021399613 -0.024072342 0.982338309 -0.015275606 0.231231630 0.166012034 0.958508551
444.000000 0.023274977 -0.023768999 0.982400119 -0.014460957 0.247011989 0.170170978 0.953843713
445.000000 0.024958715 -0.023439810 0.981972039 -0.014687949 0.262975395 0.170804471 0.949449420
446.000000 0.028002985 -0.022664815 0.981155634 -0.018377531 0.277505279 0.161783114 0.946825981
447.000000 0.030108295 -0.022387564 0.980502486 -0.026902685 0.288433850 0.138606653 0.947032392
448.000000 0.032948472 -0.021809615 0.981321931 -0.031404123 0.293359846 0.126642197 0.947056293
449.000000 0.034640938 -0.021449864 0.982729912 -0.033976488 0.298214346 0.120101310 0.946303070
450.000000 0.038001522 -0.021059968 0.984903932 -0.036305554 0.301343203 0.115639515 0.945781052
451.000000 0.040125564 -0.020024016 0.986783564 -0.035558142 0.302232981 0.114610106 0.945650756
452.000000 0.042868562 -0.019450948 0.988410234 -0.036607936 0.303144604 0.112924963 0.945521653
453.000000 0.046519104 -0.018526226 0.989307940 -0.036367945 0.302647948 0.112278014 0.945767045
454.000000 0.048423618 -0.018167607 0.990421355 -0.036684964 0.303841621 0.111989044 0.945406258
455.000000 0.051946256 -0.017482713 0.992367148 -0.036990441 0.303422689 0.111535393 0.945582509
456.000000 0.055708755 -0.016638212 0.993666768 -0.037133746 0.302351058 0.110972017 0.945986390
457.000000 0.058032215 -0.016394056 0.993593276 -0.036434542 0.301852494 0.111124068 0.946154952
458.000000 0.056776386 -0.016249090 0.994289756 -0.036827698 0.302570492 0.110391080 0.945996106
459.000000 0.054996260 -0.016225353 0.993592143 -0.034527715 0.303184092 0.112444252 0.945644498
460.000000 0.054966152 -0.016248398 0.993716538 -0.035456095 0.302720457 0.111380734 0.945884526
461.000000 0.056593031 -0.016204663 0.994173825 -0.035680473 0.302245855 0.111279756 0.946039796
462.000000 0.058411341 -0.015879638 0.995356143 -0.036717508 0.302281320 0.110562265 0.946072817
463.000000 0.057808939 -0.015865050 0.994978905 -0.036678340 0.301530093 0.110136196 0.946363807
464.000000 0.058777958 -0.015777029 0.995488405 -0.035780914 0.301941693 0.111527644 0.946103930
465.000000 0.058329426 -0.015866861 0.995236337 -0.035236266 0.301545084 0.111900315 0.946206868
466.000000 0.058027182 -0.016008921 0.994898677 -0.036548674 0.301212221 0.110679701 0.946406543
467.000000 0.057862774 -0.016103446 0.994781137 -0.036058985 0.300617367 0.111758769 0.946487665
468.000000 0.058002565 -0.015944503 0.994991541 -0.036645751 0.300748497 0.110604629 0.946559131
469.000000 0.058414411 -0.015952513 0.995131731 -0.037406862 0.300510317 0.109788850 0.946699917
470.000000 0.058870662 -0.015875928 0.995372891 -0.037067968 0.301040411 0.110071301 0.946512043
471.000000 0.058996510 -0.016028039 0.995526731 -0.037250094 0.301236182 0.110523164 0.946389973
472.000000 0.058954258 -0.016031161 0.995445371 -0.037601236 0.300933838 0.109926559 0.946541667
473.000000 0.058950957 -0.016016871 0.995444536 -0.036929399 0.300888419 0.110927328 0.946465790
474.000000 0.059171993 -0.015809055 0.995646834 -0.044531018 0.297643006 0.088360138 0.949535728
475.000000 0.059805922 -0.015725046 0.996260047 -0.048269015 0.288204312 0.072750591 0.953580499
476.000000 0.059505247 -0.015794560 0.996112823 -0.050012931 0.274848759 0.062725149 0.958134890
477.000000 0.059411410 -0.015823465 0.995445251 -0.048442371 0.259793818 0.058661275 0.962662637
478.000000 0.059217580 -0.015753150 0.995198309 -0.045951135 0.245714560 0.056397621 0.966608644
479.000000 0.059178121 -0.015756696 0.994927824 -0.043739140 0.230652481 0.055610415 0.970460713
480.000000 0.059021778 -0.015863825 0.995484412 -0.042314313 0.216455773 0.052403189 0.973966300
481.000000 0.059355721 -0.015818357 0.992370963 -0.039718017 0.200202182 0.053657312 0.977477610
482.000000 0.060186505 -0.015443688 0.988101661 -0.036136437 0.183323383 0.054003958 0.980902791
483.000000 0.059951223 -0.015468247 0.986039758 -0.033024304 0.167975083 0.053662397 0.983775496
484.000000 0.060054809 -0.015425809 0.985211432 -0.030549772 0.152463019 0.052197486 0.986456931
485.000000 0.060234696 -0.015473553 0.987125099 -0.031534970 0.134919271 0.032941159 0.989806712
486.000000 0.060157996 -0.015435878 0.988114893 -0.028076565 0.113856167 0.018540449 0.992927372
487.000000 0.060021289 -0.015468671 0.988098323 -0.024270440 0.090639457 0.005071204 0.995575130
488.000000 0.060174957 -0.015447568 0.987706006 -0.019099442 0.061986435 -0.000812298 0.997893929
489.000000 0.060165185 -0.015439449 0.987607718 -0.012330666 0.034787387 -0.003795430 0.999311447
490.000000 0.060289547 -0.015403455 0.987338364 -0.004960686 0.004537968 -0.004290067 0.999968231
491.000000 0.060278453 -0.015393829 0.987068951 0.001109025 -0.022159588 -0.003414753 0.999748051
492.000000 0.060296681 -0.015335337 0.986972213 0.009871878 -0.052307136 -0.004416327 0.998572528
493.000000 0.060213197 -0.015382977 0.987207770 0.015497052 -0.080092207 -0.006637610 0.996644914
494.000000 0.060208466 -0.015419952 0.987116158 0.021633189 -0.108113982 -0.010677368 0.993845820
495.000000 0.060194269 -0.015413259 0.987320960 0.030111281 -0.139776617 -0.007299447 0.989698172
496.000000 0.060346186 -0.015353481 0.987117052 0.037620071 -0.171132416 -0.004931825 0.984517217
497.000000 0.060303397 -0.015460480 0.987198591 0.041924428 -0.199545249 -0.006301621 0.978971064
498.000000 0.060247317 -0.015402533 0.987438858 0.051392641 -0.231381178 -0.005407473 0.971489727
499.000000 0.060312577 -0.015396074 0.987425923 0.058836125 -0.262220293 -0.008002245 0.963179529
500.000000 0.060285904 -0.015395174 0.987534106 0.066905349 -0.290402681 -0.009503567 0.954515398
501.000000 0.060188159 -0.015430969 0.987714648 0.073443875 -0.320311844 -0.006113288 0.944441080
502.000000 0.060170799 -0.015423803 0.987698436 0.080530971 -0.346836239 -0.008659864 0.934421957
503.000000 0.060094684 -0.015453711 0.987783670 0.086298101 -0.373470813 -0.010623522 0.923558056
504.000000 0.059988767 -0.015476491 0.987859786 0.092906363 -0.399459898 -0.009445916 0.911981940
505.000000 0.059916824 -0.015494581 0.987936378 0.099895477 -0.428799331 -0.011478215 0.897786379
506.000000 0.059765279 -0.015532866 0.988020778 0.106003046 -0.453490466 -0.009260328 0.884886444
507.000000 0.059759974 -0.015532590 0.988043308 0.113377526 -0.481808543 -0.008948461 0.868864834
508.000000 0.059734583 -0.015541106 0.988055587 0.119403593 -0.509498060 -0.009393492 0.852095306
509.000000 0.059668124 -0.015558437 0.988079309 0.124985345 -0.533912539 -0.009778615 0.836194098
510.000000 0.059653938 -0.015563056 0.988098025 0.132650524 -0.560527980 -0.009720294 0.817384660
511.000000 0.059690475 -0.015551984 0.988096237 0.138283148 -0.586095691 -0.009276286 0.798300445
512.000000 0.059680521 -0.015554696 0.988092840 0.143947184 -0.609732330 -0.008801679 0.779376864
513.000000 0.059673190 -0.015556306 0.988089681 0.149056077 -0.631700158 -0.008450782 0.760700881
514.000000 0.059676409 -0.015555292 0.988092005 0.155054495 -0.654060900 -0.009706246 0.740316331
515.000000 0.059663534 -0.015558481 0.988086760 0.160675749 -0.675292671 -0.010102505 0.719764709
516.000000 0.059656620 -0.015560225 0.988086581 0.165639341 -0.698154628 -0.009559960 0.696456969
517.000000 0.059656262 -0.015559837 0.988086224 0.170447394 -0.718568981 -0.007989683 0.674197614
518.000000 0.059655547 -0.015560359 0.988085628 0.174918801 -0.738320291 -0.008740948 0.651314259
519.000000 0.059654713 -0.015560895 0.988084614 0.180027798 -0.760720313 -0.008977811 0.623549521
520.000000 0.059659123 -0.015560538 0.988086700 0.154130012 -0.784883499 0.013399791 0.600018680
521.000000 0.059659958 -0.015559331 0.988087177 0.123309858 -0.800105929 0.040013339 0.585682631
522.000000 0.059658289 -0.015559889 0.988086462 0.109717265 -0.807374239 0.049366206 0.577643514
523.000000 0.059658527 -0.015559845 0.988086343 0.101764709 -0.811558723 0.055509530 0.572656214
524.000000 0.059658289 -0.015559621 0.988086045 0.098808274 -0.813589394 0.058159925 0.570023477
525.000000 0.059657574 -0.015559763 0.988085091 0.095096886 -0.814262092 0.061104972 0.569385767
526.000000 0.059657454 -0.015559912 0.988084674 0.094403721 -0.815153420 0.061170395 0.568217456
527.000000 0.059656858 -0.015560061 0.988084137 0.093032479 -0.815239191 0.062707067 0.568153024
528.000000 0.059656382 -0.015560076 0.988083839 0.092506565 -0.815534711 0.062488962 0.567838728
529.000000 0.059656024 -0.015560202 0.988084257 0.100110233 -0.815137982 0.057208151 0.567675352
530.000000 0.059656382 -0.015560150 0.988084197 0.118117549 -0.816243589 0.044074092 0.563783824
531.000000 0.059656382 -0.015560284 0.988084137 0.132801563 -0.820603251 0.032758944 0.554888308
532.000000 0.059656858 -0.015560225 0.988085032 0.162964448 -0.825869739 0.012974547 0.539641976
533.000000 0.059660316 -0.015559241 0.988088787 0.181308880 -0.836885870 0.002002240 0.516473830
534.000000 0.059663296 -0.015558481 0.988091230 0.195831895 -0.850100994 -0.004445720 0.488833696
535.000000 0.059666872 -0.015557528 0.988094509 0.204917893 -0.864880562 -0.007663668 0.458182871
536.000000 0.059668183 -0.015557557 0.988096535 0.199427769 -0.884526670 -0.004904118 0.421683788
537.000000 0.059670091 -0.015557051 0.988097966 0.184302419 -0.898826182 0.003319999 0.397659570
538.000000 0.059662223 -0.015559182 0.988090634 0.167554423 -0.912474930 0.009961280 0.373116493
539.000000 0.059647918 -0.015562668 0.988077044 0.141374320 -0.922952950 0.020662714 0.357413322
539.000000 0.059647918 -0.015562668 0.988077044 0.141374320 -0.922952950 0.020662714 0.357413322
539.000000 0.059647918 -0.015562668 0.988077044 0.141374320 -0.922952950 0.020662714 0.357413322
539.000000 0.059647918 -0.015562668 0.988077044 0.141374320 -0.922952950 0.020662714 0.357413322
539.000000 0.059647918 -0.015562668 0.988077044 0.141374320 -0.922952950 0.020662714 0.357413322
539.000000 0.059647918 -0.015562668 0.988077044 0.141374320 -0.922952950 0.020662714 0.357413322
539.000000 0.059647918 -0.015562668 0.988077044 0.141374320 -0.922952950 0.020662714 0.357413322
539.000000 0.059647918 -0.015562668 0.988077044 0.141374320 -0.922952950 0.020662714 0.357413322
539.000000 0.059647918 -0.015562668 0.988077044 0.141374320 -0.922952950 0.020662714 0.357413322
539.000000 0.059647918 -0.015562668 0.988077044 0.141374320 -0.922952950 0.020662714 0.357413322
539.000000 0.059647918 -0.015562668 0.988077044 0.141374320 -0.922952950 0.020662714 0.357413322
539.000000 0.059647918 -0.015562668 0.988077044 0.141374320 -0.922952950 0.020662714 0.357413322
539.000000 0.059647918 -0.015562668 0.988077044 0.141374320 -0.922952950 0.020662714 0.357413322
539.000000 0.059647918 -0.015562668 0.988077044 0.141374320 -0.922952950 0.020662714 0.357413322
539.000000 0.059647918 -0.015562668 0.988077044 0.141374320 -0.922952950 0.020662714 0.357413322
539.000000 0.059647918 -0.015562668 0.988077044 0.141374320 -0.922952950 0.020662714 0.357413322
539.000000 0.059647918 -0.015562668 0.988077044 0.141374320 -0.922952950 0.020662714 0.357413322
539.000000 0.059647918 -0.015562668 0.988077044 0.141374320 -0.922952950 0.020662714 0.357413322
539.000000 0.059647918 -0.015562668 0.988077044 0.141374320 -0.922952950 0.020662714 0.357413322
539.000000 0.059647918 -0.015562668 0.988077044 0.141374320 -0.922952950 0.020662714 0.357413322
539.000000 0.059647918 -0.015562668 0.988077044 0.141374320 -0.922952950 0.020662714 0.357413322
539.000000 0.059647918 -0.015562668 0.988077044 0.141374320 -0.922952950 0.020662714 0.357413322
539.000000 0.059647918 -0.015562668 0.988077044 0.141374320 -0.922952950 0.020662714 0.357413322
539.000000 0.059647918 -0.015562668 0.988077044 0.141374320 -0.922952950 0.020662714 0.357413322
539.000000 0.059647918 -0.015562668 0.988077044 0.141374320 -0.922952950 0.020662714 0.357413322
539.000000 0.059647918 -0.015562668 0.988077044 0.141374320 -0.922952950 0.020662714 0.357413322
539.000000 0.059647918 -0.015562668 0.988077044 0.141374320 -0.922952950 0.020662714 0.357413322
539.000000 0.059647918 -0.015562668 0.988077044 0.141374320 -0.922952950 0.020662714 0.357413322
539.000000 0.059647918 -0.015562668 0.988077044 0.141374320 -0.922952950 0.020662714 0.357413322
539.000000 0.059647918 -0.015562668 0.988077044 0.141374320 -0.922952950 0.020662714 0.357413322
539.000000 0.059647918 -0.015562668 0.988077044 0.141374320 -0.922952950 0.020662714 0.357413322
539.000000 0.059647918 -0.015562668 0.988077044 0.141374320 -0.922952950 0.020662714 0.357413322
539.000000 0.059647918 -0.015562668 0.988077044 0.141374320 -0.922952950 0.020662714 0.357413322
539.000000 0.059647918 -0.015562668 0.988077044 0.141374320 -0.922952950 0.020662714 0.357413322
539.000000 0.059647918 -0.015562668 0.988077044 0.141374320 -0.922952950 0.020662714 0.357413322
539.000000 0.059647918 -0.015562668 0.988077044 0.141374320 -0.922952950 0.020662714 0.357413322
539.000000 0.059647918 -0.015562668 0.988077044 0.141374320 -0.922952950 0.020662714 0.357413322
539.000000 0.059647918 -0.015562668 0.988077044 0.141374320 -0.922952950 0.020662714 0.357413322
539.000000 0.059647918 -0.015562668 0.988077044 0.141374320 -0.922952950 0.020662714 0.357413322
539.000000 0.059647918 -0.015562668 0.988077044 0.141374320 -0.922952950 0.020662714 0.357413322
539.000000 0.059647918 -0.015562668 0.988077044 0.141374320 -0.922952950 0.020662714 0.357413322
539.000000 0.059647918 -0.015562668 0.988077044 0.141374320 -0.922952950 0.020662714 0.357413322
539.000000 0.059647918 -0.015562668 0.988077044 0.141374320 -0.922952950 0.020662714 0.357413322
539.000000 0.059647918 -0.015562668 0.988077044 0.141374320 -0.922952950 0.020662714 0.357413322
539.000000 0.059647918 -0.015562668 0.988077044 0.141374320 -0.922952950 0.020662714 0.357413322
539.000000 0.059647918 -0.015562668 0.988077044 0.141374320 -0.922952950 0.020662714 0.357413322
539.000000 0.059647918 -0.015562668 0.988077044 0.141374320 -0.922952950 0.020662714 0.357413322
539.000000 0.059647918 -0.015562668 0.988077044 0.141374320 -0.922952950 0.020662714 0.357413322
539.000000 0.059647918 -0.015562668 0.988077044 0.141374320 -0.922952950 0.020662714 0.357413322
539.000000 0.059647918 -0.015562668 0.988077044 0.141374320 -0.922952950 0.020662714 0.357413322
539.000000 0.059647918 -0.015562668 0.988077044 0.141374320 -0.922952950 0.020662714 0.357413322
539.000000 0.059647918 -0.015562668 0.988077044 0.141374320 -0.922952950 0.020662714 0.357413322
539.000000 0.059647918 -0.015562668 0.988077044 0.141374320 -0.922952950 0.020662714 0.357413322
539.000000 0.059647918 -0.015562668 0.988077044 0.141374320 -0.922952950 0.020662714 0.357413322
539.000000 0.059647918 -0.015562668 0.988077044 0.141374320 -0.922952950 0.020662714 0.357413322
539.000000 0.059647918 -0.015562668 0.988077044 0.141374320 -0.922952950 0.020662714 0.357413322
539.000000 0.059647918 -0.015562668 0.988077044 0.141374320 -0.922952950 0.020662714 0.357413322
539.000000 0.059647918 -0.015562668 0.988077044 0.141374320 -0.922952950 0.020662714 0.357413322
539.000000 0.059647918 -0.015562668 0.988077044 0.141374320 -0.922952950 0.020662714 0.357413322
539.000000 0.059647918 -0.015562668 0.988077044 0.141374320 -0.922952950 0.020662714 0.357413322
539.000000 0.059647918 -0.015562668 0.988077044 0.141374320 -0.922952950 0.020662714 0.357413322
539.000000 0.059647918 -0.015562668 0.988077044 0.141374320 -0.922952950 0.020662714 0.357413322
539.000000 0.059647918 -0.015562668 0.988077044 0.141374320 -0.922952950 0.020662714 0.357413322
539.000000 0.059647918 -0.015562668 0.988077044 0.141374320 -0.922952950 0.020662714 0.357413322
539.000000 0.059647918 -0.015562668 0.988077044 0.141374320 -0.922952950 0.020662714 0.357413322
539.000000 0.059647918 -0.015562668 0.988077044 0.141374320 -0.922952950 0.020662714 0.357413322
539.000000 0.059647918 -0.015562668 0.988077044 0.141374320 -0.922952950 0.020662714 0.357413322
539.000000 0.059647918 -0.015562668 0.988077044 0.141374320 -0.922952950 0.020662714 0.357413322
539.000000 0.059647918 -0.015562668 0.988077044 0.141374320 -0.922952950 0.020662714 0.357413322
539.000000 0.059647918 -0.015562668 0.988077044 0.141374320 -0.922952950 0.020662714 0.357413322
539.000000 0.059647918 -0.015562668 0.988077044 0.141374320 -0.922952950 0.020662714 0.357413322
539.000000 0.059647918 -0.015562668 0.988077044 0.141374320 -0.922952950 0.020662714 0.357413322
539.000000 0.059647918 -0.015562668 0.988077044 0.141374320 -0.922952950 0.020662714 0.357413322
539.000000 0.059647918 -0.015562668 0.988077044 0.141374320 -0.922952950 0.020662714 0.357413322
539.000000 0.059647918 -0.015562668 0.988077044 0.141374320 -0.922952950 0.020662714 0.357413322
539.000000 0.059647918 -0.015562668 0.988077044 0.141374320 -0.922952950 0.020662714 0.357413322
539.000000 0.059647918 -0.015562668 0.988077044 0.141374320 -0.922952950 0.020662714 0.357413322
539.000000 0.059647918 -0.015562668 0.988077044 0.141374320 -0.922952950 0.020662714 0.357413322
539.000000 0.059647918 -0.015562668 0.988077044 0.141374320 -0.922952950 0.020662714 0.357413322
539.000000 0.059647918 -0.015562668 0.988077044 0.141374320 -0.922952950 0.020662714 0.357413322
539.000000 0.059647918 -0.015562668 0.988077044 0.141374320 -0.922952950 0.020662714 0.357413322
539.000000 0.059647918 -0.015562668 0.988077044 0.141374320 -0.922952950 0.020662714 0.357413322
539.000000 0.059647918 -0.015562668 0.988077044 0.141374320 -0.922952950 0.020662714 0.357413322
539.000000 0.059647918 -0.015562668 0.988077044 0.141374320 -0.922952950 0.020662714 0.357413322
539.000000 0.059647918 -0.015562668 0.988077044 0.141374320 -0.922952950 0.020662714 0.357413322
539.000000 0.059647918 -0.015562668 0.988077044 0.141374320 -0.922952950 0.020662714 0.357413322
539.000000 0.059647918 -0.015562668 0.988077044 0.141374320 -0.922952950 0.020662714 0.357413322
539.000000 0.059647918 -0.015562668 0.988077044 0.141374320 -0.922952950 0.020662714 0.357413322
539.000000 0.059647918 -0.015562668 0.988077044 0.141374320 -0.922952950 0.020662714 0.357413322
539.000000 0.059647918 -0.015562668 0.988077044 0.141374320 -0.922952950 0.020662714 0.357413322
539.000000 0.059647918 -0.015562668 0.988077044 0.141374320 -0.922952950 0.020662714 0.357413322
539.000000 0.059647918 -0.015562668 0.988077044 0.141374320 -0.922952950 0.020662714 0.357413322
539.000000 0.059647918 -0.015562668 0.988077044 0.141374320 -0.922952950 0.020662714 0.357413322
539.000000 0.059647918 -0.015562668 0.988077044 0.141374320 -0.922952950 0.020662714 0.357413322
539.000000 0.059647918 -0.015562668 0.988077044 0.141374320 -0.922952950 0.020662714 0.357413322
539.000000 0.059647918 -0.015562668 0.988077044 0.141374320 -0.922952950 0.020662714 0.357413322
539.000000 0.059647918 -0.015562668 0.988077044 0.141374320 -0.922952950 0.020662714 0.357413322
539.000000 0.059647918 -0.015562668 0.988077044 0.141374320 -0.922952950 0.020662714 0.357413322
539.000000 0.059647918 -0.015562668 0.988077044 0.141374320 -0.922952950 0.020662714 0.357413322
539.000000 0.059647918 -0.015562668 0.988077044 0.141374320 -0.922952950 0.020662714 0.357413322
539.000000 0.059647918 -0.015562668 0.988077044 0.141374320 -0.922952950 0.020662714 0.357413322
539.000000 0.059647918 -0.015562668 0.988077044 0.141374320 -0.922952950 0.020662714 0.357413322
539.000000 0.059647918 -0.015562668 0.988077044 0.141374320 -0.922952950 0.020662714 0.357413322
539.000000 0.059647918 -0.015562668 0.988077044 0.141374320 -0.922952950 0.020662714 0.357413322
539.000000 0.059647918 -0.015562668 0.988077044 0.141374320 -0.922952950 0.020662714 0.357413322
539.000000 0.059647918 -0.015562668 0.988077044 0.141374320 -0.922952950 0.020662714 0.357413322
539.000000 0.059647918 -0.015562668 0.988077044 0.141374320 -0.922952950 0.020662714 0.357413322
539.000000 0.059647918 -0.015562668 0.988077044 0.141374320 -0.922952950 0.020662714 0.357413322
539.000000 0.059647918 -0.015562668 0.988077044 0.141374320 -0.922952950 0.020662714 0.357413322
539.000000 0.059647918 -0.015562668 0.988077044 0.141374320 -0.922952950 0.020662714 0.357413322
539.000000 0.059647918 -0.015562668 0.988077044 0.141374320 -0.922952950 0.020662714 0.357413322
539.000000 0.059647918 -0.015562668 0.988077044 0.141374320 -0.922952950 0.020662714 0.357413322
539.000000 0.059647918 -0.015562668 0.988077044 0.141374320 -0.922952950 0.020662714 0.357413322
539.000000 0.059647918 -0.015562668 0.988077044 0.141374320 -0.922952950 0.020662714 0.357413322
539.000000 0.059647918 -0.015562668 0.988077044 0.141374320 -0.922952950 0.020662714 0.357413322
539.000000 0.059647918 -0.015562668 0.988077044 0.141374320 -0.922952950 0.020662714 0.357413322
539.000000 0.059647918 -0.015562668 0.988077044 0.141374320 -0.922952950 0.020662714 0.357413322
539.000000 0.059647918 -0.015562668 0.988077044 0.141374320 -0.922952950 0.020662714 0.357413322
539.000000 0.059647918 -0.015562668 0.988077044 0.141374320 -0.922952950 0.020662714 0.357413322
539.000000 0.059647918 -0.015562668 0.988077044 0.141374320 -0.922952950 0.020662714 0.357413322
539.000000 0.059647918 -0.015562668 0.988077044 0.141374320 -0.922952950 0.020662714 0.357413322
539.000000 0.059647918 -0.015562668 0.988077044 0.141374320 -0.922952950 0.020662714 0.357413322
539.000000 0.059647918 -0.015562668 0.988077044 0.141374320 -0.922952950 0.020662714 0.357413322
539.000000 0.059647918 -0.015562668 0.988077044 0.141374320 -0.922952950 0.020662714 0.357413322
539.000000 0.059647918 -0.015562668 0.988077044 0.141374320 -0.922952950 0.020662714 0.357413322
539.000000 0.059647918 -0.015562668 0.988077044 0.141374320 -0.922952950 0.020662714 0.357413322
539.000000 0.059647918 -0.015562668 0.988077044 0.141374320 -0.922952950 0.020662714 0.357413322
539.000000 0.059647918 -0.015562668 0.988077044 0.141374320 -0.922952950 0.020662714 0.357413322
539.000000 0.059647918 -0.015562668 0.988077044 0.141374320 -0.922952950 0.020662714 0.357413322
539.000000 0.059647918 -0.015562668 0.988077044 0.141374320 -0.922952950 0.020662714 0.357413322
539.000000 0.059647918 -0.015562668 0.988077044 0.141374320 -0.922952950 0.020662714 0.357413322
539.000000 0.059647918 -0.015562668 0.988077044 0.141374320 -0.922952950 0.020662714 0.357413322
539.000000 0.059647918 -0.015562668 0.988077044 0.141374320 -0.922952950 0.020662714 0.357413322
539.000000 0.059647918 -0.015562668 0.988077044 0.141374320 -0.922952950 0.020662714 0.357413322
539.000000 0.059647918 -0.015562668 0.988077044 0.141374320 -0.922952950 0.020662714 0.357413322
539.000000 0.059647918 -0.015562668 0.988077044 0.141374320 -0.922952950 0.020662714 0.357413322
539.000000 0.059647918 -0.015562668 0.988077044 0.141374320 -0.922952950 0.020662714 0.357413322
539.000000 0.059647918 -0.015562668 0.988077044 0.141374320 -0.922952950 0.020662714 0.357413322
539.000000 0.059647918 -0.015562668 0.988077044 0.141374320 -0.922952950 0.020662714 0.357413322
539.000000 0.059647918 -0.015562668 0.988077044 0.141374320 -0.922952950 0.020662714 0.357413322
539.000000 0.059647918 -0.015562668 0.988077044 0.141374320 -0.922952950 0.020662714 0.357413322
539.000000 0.059647918 -0.015562668 0.988077044 0.141374320 -0.922952950 0.020662714 0.357413322
