287.000000 0.000000000 0.000000000 0.000000000 -0.000000000 -0.000000000 -0.000000000 1.000000000
292.000000 0.096856952 0.018941097 0.124120697 0.071747929 -0.293138653 -0.006118406 0.953354418
293.000000 0.085347101 0.016253445 0.175286755 0.086820118 -0.350983024 -0.006907834 0.932322681
294.000000 0.067352474 0.010837523 0.231681824 0.101510040 -0.408776313 -0.008112663 0.906935453
295.000000 0.045557827 -0.001595955 0.267528206 0.110958323 -0.458543926 -0.008300546 0.881678462
296.000000 0.013042763 -0.003597574 0.293531418 0.124482393 -0.497866720 -0.010274146 0.858211696
297.000000 0.011313125 0.005037073 0.285752535 0.099912740 -0.532912910 0.044840045 0.839053452
298.000000 -0.005485952 -0.005166208 0.274696052 0.084176101 -0.543174624 0.067112371 0.832689404
299.000000 -0.022966281 -0.010365315 0.282255322 0.077096581 -0.550105572 0.078026041 0.827859819
300.000000 -0.038439989 -0.014474975 0.290402770 0.073458649 -0.553674281 0.083049275 0.825318992
301.000000 -0.057073064 -0.019936020 0.295808733 0.071733341 -0.554349244 0.085135095 0.824804902
302.000000 -0.077317715 -0.026516266 0.300242931 0.069710314 -0.553249061 0.086320236 0.825593650
305.000000 -0.127220646 -0.039996639 0.320319325 0.068316825 -0.552423358 0.086960822 0.826195538
307.000000 -0.150103852 -0.046320617 0.337086260 0.037127394 -0.540527165 0.134597048 0.829659879
309.000000 -0.175977081 -0.052043911 0.357204258 0.011185134 -0.487144530 0.185810581 0.853252351
311.000000 -0.210297465 -0.059689198 0.358762592 -0.009608204 -0.372853845 0.254904449 0.892138660
313.000000 -0.218850255 -0.062527180 0.367821991 -0.005735509 -0.233021468 0.280081868 0.931247711
315.000000 -0.224153668 -0.063734770 0.393318057 0.003320765 -0.089552097 0.291441858 0.952381790
317.000000 -0.215673700 -0.062455088 0.432229042 0.005789864 0.032817222 0.198381260 0.979558229
319.000000 -0.215221792 -0.065736324 0.482549697 -0.002057198 0.068362735 0.133868620 0.988636196
321.000000 -0.212916613 -0.068453327 0.515623987 -0.002527457 0.099374615 0.165701419 0.981153071
323.000000 -0.206812382 -0.068818785 0.552479327 -0.008740525 0.142031953 0.145586148 0.979058325
325.000000 -0.199858308 -0.068249419 0.584450543 -0.014200264 0.156209543 0.121859148 0.980075121
327.000000 -0.191711247 -0.067425728 0.612475216 -0.015726613 0.159903347 0.116629444 0.980092466
329.000000 -0.181077585 -0.064865284 0.630584419 -0.015707925 0.160001904 0.115779303 0.980177462
331.000000 -0.167174965 -0.063735999 0.686446309 -0.016395571 0.163923025 0.115704261 0.979526937
333.000000 -0.149900720 -0.060801350 0.731313169 -0.016842805 0.164834544 0.115083344 0.979439497
335.000000 -0.135734648 -0.058962204 0.776374161 -0.017643124 0.166942373 0.114498839 0.979136884
337.000000 -0.121758133 -0.056991696 0.816969037 -0.018113798 0.168422595 0.113687545 0.978969336
339.000000 -0.107870132 -0.055106398 0.860498965 -0.018718041 0.170270354 0.113456205 0.978665054
341.000000 -0.093952119 -0.052712668 0.905004203 -0.018249299 0.172514290 0.114084929 0.978207767
343.000000 -0.079400614 -0.050128751 0.945136368 -0.018194526 0.173951864 0.114319496 0.977926791
345.000000 -0.064525411 -0.047284842 0.989751816 -0.017579198 0.176138639 0.115272745 0.977434576
347.000000 -0.051103462 -0.044937532 1.026668429 -0.017838677 0.178002641 0.114900440 0.977136016
349.000000 -0.036906797 -0.042483017 1.065132618 -0.017688589 0.179505765 0.115253784 0.976822078
351.000000 -0.022515312 -0.040193979 1.101613879 -0.018420748 0.181079328 0.114389174 0.976619720
353.000000 -0.008419428 -0.037483990 1.137518406 -0.018279603 0.182777062 0.114846766 0.976252317
355.000000 0.006268069 -0.034517426 1.174888492 -0.018001638 0.184275120 0.115373887 0.975913703
358.000000 0.029818695 -0.030127093 1.231477380 -0.018045809 0.187003270 0.115411900 0.975389302
361.000000 0.054283358 -0.024506278 1.279848814 -0.017806459 0.188756675 0.114935093 0.975112200
364.000000 0.082871199 -0.019173160 1.340012908 -0.017838361 0.190495029 0.114884667 0.974779427
366.000000 0.103921950 -0.014238149 1.377085686 -0.017255582 0.191314295 0.115438916 0.974564016
369.000000 0.113444842 -0.013128847 1.400390029 -0.017376974 0.192146719 0.115819894 0.974352837
372.000000 0.118376613 -0.012634277 1.411295295 -0.017812088 0.192487359 0.115476929 0.974318445
375.000000 0.123949468 -0.011492576 1.426249146 -0.019869991 0.193066418 0.105542757 0.975290358
378.000000 0.131230205 -0.009955790 1.444824576 -0.023121201 0.149884164 0.051695302 0.987080455
381.000000 0.130647972 -0.010124000 1.445265770 -0.009646738 0.054875717 0.000961648 0.998446107
384.000000 0.130709484 -0.010155992 1.450860739 0.019245761 -0.065136224 -0.007657275 0.997661412
386.000000 0.128287092 -0.010794553 1.453752160 0.038177807 -0.145923883 -0.008868531 0.988519132
388.000000 0.123463809 -0.012754208 1.464741111 0.057264980 -0.228056103 -0.008693387 0.971923649
390.000000 0.112953827 -0.015242528 1.480119467 0.078290269 -0.313142568 -0.009572733 0.946425259
392.000000 0.107619017 -0.017627545 1.497235298 0.098848134 -0.400578022 -0.010837402 0.910850644
394.000000 0.092870414 -0.021097049 1.523281574 0.120508283 -0.485294402 -0.012073780 0.865922213
400.000000 0.056802094 -0.030642509 1.525927067 0.066518813 -0.536856592 0.089155942 0.836308300
402.000000 0.045261800 -0.034159347 1.530403495 0.045492034 -0.532351971 0.120805860 0.836622834
404.000000 0.035283387 -0.036956146 1.536630869 0.012898836 -0.494518429 0.177359566 0.850781322
405.000000 0.032511294 -0.037654817 1.539877415 0.007249283 -0.463831037 0.191658556 0.864913464
407.000000 0.021324515 -0.039995365 1.546954870 0.005003474 -0.385839999 0.209310189 0.898494124
409.000000 0.020872205 -0.040840581 1.555129766 0.003487044 -0.313046336 0.217737496 0.924435079
411.000000 0.012739882 -0.043568343 1.565886021 0.003763296 -0.226863801 0.223228276 0.947991431
413.000000 0.006217785 -0.044498652 1.581429482 0.005148557 -0.141950741 0.232460782 0.962177455
415.000000 0.005723809 -0.045458265 1.598181129 0.005955203 -0.057959661 0.233506605 0.970607996
418.000000 0.010301730 -0.045430962 1.626771212 0.005621066 0.064712010 0.235529512 0.969694078
422.000000 0.012179881 -0.046295851 1.658593655 0.002956399 0.227938652 0.216003567 0.949409187
430.000000 0.023468614 -0.043419056 1.670350313 -0.028080499 0.278516859 0.116082765 0.952976704
435.000000 0.029956505 -0.041582301 1.676123500 -0.027599780 0.278554887 0.115812622 0.953012586
439.000000 0.035883017 -0.040247291 1.683231115 -0.027601637 0.279063672 0.115449436 0.952907681
443.000000 0.043629169 -0.038649872 1.695643783 -0.013565515 0.327282101 0.166255847 0.930086792
447.000000 0.055075020 -0.036602259 1.713672042 -0.028745761 0.394070625 0.139278337 0.908010781
451.000000 0.062941760 -0.035158530 1.715988278 -0.041946996 0.407014847 0.114079282 0.905298471
455.000000 0.072931170 -0.032911882 1.716526985 -0.043108262 0.405748814 0.111117326 0.906180203
459.000000 0.073219240 -0.032887667 1.716637135 -0.043181326 0.405358702 0.111041643 0.906360567
463.000000 0.074810594 -0.032608211 1.716772914 -0.042019628 0.404524803 0.112327695 0.906629264
468.000000 0.075008780 -0.032557413 1.716749549 -0.042677883 0.403307259 0.111509129 0.907241762
473.000000 0.075401276 -0.032488182 1.716982126 -0.041873399 0.403191984 0.112427980 0.907217026
478.000000 0.078136474 -0.031900249 1.719141483 -0.056716122 0.349233210 0.061232395 0.933311343
483.000000 0.082118928 -0.031069152 1.721212745 -0.043466307 0.272485346 0.058747534 0.959380627
488.000000 0.082019597 -0.031140376 1.721985459 -0.034573756 0.169173539 0.007201383 0.984953344
493.000000 0.082622282 -0.030931784 1.721520424 0.003745761 0.009739300 -0.003764380 0.999938488
496.000000 0.082791232 -0.030930597 1.722402573 0.026328247 -0.083960369 -0.006028153 0.996102989
499.000000 0.082891792 -0.030934824 1.723773241 0.049670786 -0.179094389 -0.006417352 0.982556283
501.000000 0.082844138 -0.030971088 1.724695802 0.065467201 -0.241793975 -0.008088955 0.968082786
503.000000 0.082710892 -0.031037267 1.725099444 0.078794301 -0.299101293 -0.010491306 0.950904727
505.000000 0.082464695 -0.031118475 1.725606799 0.092848867 -0.357120931 -0.011401796 0.929361999
507.000000 0.082238674 -0.031185269 1.725937605 0.106577046 -0.414617896 -0.012363942 0.903648436
509.000000 0.082047880 -0.031239510 1.726123810 0.120657459 -0.475015551 -0.012866634 0.871571302
511.000000 0.082026482 -0.031246752 1.726180434 0.134611443 -0.534872472 -0.013642322 0.834029436
513.000000 0.082001805 -0.031252563 1.726180792 0.145805478 -0.584041655 -0.013297833 0.798410475
515.000000 0.081952333 -0.031264216 1.726172805 0.156929240 -0.629105508 -0.013791725 0.761189401
517.000000 0.081889510 -0.031279266 1.726156831 0.167231530 -0.673242450 -0.013764652 0.720131159
519.000000 0.081951380 -0.031264931 1.726187587 0.178096935 -0.720019519 -0.014382296 0.670556903
521.000000 0.082013965 -0.031249613 1.726191759 0.123969160 -0.762248933 0.038500741 0.634134054
527.000000 0.082008123 -0.031251237 1.726192951 0.095813058 -0.780273438 0.061618760 0.614976704
530.000000 0.082003832 -0.031252235 1.726193190 0.121230386 -0.781184673 0.040712506 0.611061573
532.000000 0.082001209 -0.031252921 1.726192951 0.161739424 -0.793556988 0.009475694 0.586530387
536.000000 0.081995726 -0.031254202 1.726189971 0.193209037 -0.856935680 -0.005770735 0.477805614
539.000000 0.081994057 -0.031254604 1.726188540 0.138739228 -0.899934590 0.022140814 0.412769884
540.000000 0.081993341 -0.031254739 1.726188183 0.116323598 -0.906343162 0.032195948 0.404937565
542.000000 0.081992388 -0.031254914 1.726187229 0.069602437 -0.904998124 0.056868710 0.415812314
543.000000 0.081991673 -0.031255107 1.726185918 0.061414562 -0.898871005 0.063127771 0.429271579
544.000000 0.081990480 -0.031255294 1.726185441 0.056846227 -0.891990662 0.068338238 0.443228036
546.000000 0.081989527 -0.031254783 1.726185203 0.064292192 -0.878419042 0.073642008 0.467785627
548.000000 0.081988335 -0.031254962 1.726184845 0.080746941 -0.872763872 0.066553541 0.476795435
550.000000 0.081987143 -0.031255774 1.726183891 0.096959047 -0.868675411 0.056019109 0.482559711
552.000000 0.081985950 -0.031256452 1.726182699 0.113729246 -0.863204539 0.046915613 0.489635080
554.000000 0.081985235 -0.031256527 1.726181746 0.131239355 -0.857426047 0.037484035 0.496177137
556.000000 0.081984520 -0.031255811 1.726179600 0.149832681 -0.850936234 0.028222423 0.502654254
